0 5275
1e-06 5275
2e-06 5275
3e-06 5275
4e-06 5275
5e-06 5275
6e-06 5275
7e-06 5275
8e-06 5275
9e-06 5275
1e-05 5275
1.1e-05 5275
1.2e-05 5275
1.3e-05 5275
1.4e-05 5275
1.5e-05 5275
1.6e-05 5275
1.7e-05 5275
1.8e-05 5275
1.9e-05 5275
2e-05 5275
2.1e-05 5275
2.2e-05 5275
2.3e-05 5275
2.4e-05 5275
2.5e-05 5275
2.6e-05 5275
2.7e-05 5275
2.8e-05 5275
2.9e-05 5275
3e-05 5275
3.1e-05 5275
3.2e-05 5275
3.3e-05 5275
3.4e-05 5275
3.5e-05 5275
3.6e-05 5275
3.7e-05 5275
3.8e-05 5275
3.9e-05 5275
4e-05 5275
4.1e-05 5275
4.2e-05 5275
4.3e-05 5275
4.4e-05 5275
4.5e-05 5275
4.6e-05 5275
4.7e-05 5275
4.8e-05 5275
4.9e-05 5275
5e-05 5275
5.1e-05 5275
5.2e-05 5275
5.3e-05 5275
5.4e-05 5275
5.5e-05 5275
5.6e-05 5275
5.7e-05 5275
5.8e-05 5275
5.9e-05 5275
6e-05 5275
6.1e-05 5275
6.2e-05 5275
6.3e-05 5275
6.4e-05 5275
6.5e-05 5275
6.6e-05 5275
6.7e-05 5275
6.8e-05 5275
6.9e-05 5275
7e-05 5275
7.1e-05 5275
7.2e-05 5275
7.3e-05 5275
7.4e-05 5275
7.5e-05 5275
7.6e-05 5275
7.7e-05 5275
7.8e-05 5275
7.9e-05 5275
8e-05 5275
8.1e-05 5275
8.2e-05 5275
8.3e-05 5275
8.4e-05 5275
8.5e-05 5275
8.6e-05 5275
8.7e-05 5275
8.8e-05 5275
8.9e-05 5275
9e-05 5275
9.1e-05 5275
9.2e-05 5275
9.3e-05 5275
9.4e-05 5275
9.5e-05 5275
9.6e-05 5275
9.7e-05 5275
9.8e-05 5275
9.9e-05 5275
0.0001 5275
0.000101 5275
0.000102 5275
0.000103 5275
0.000104 5275
0.000105 5275
0.000106 5275
0.000107 5275
0.000108 5275
0.000109 5275
0.00011 5275
0.000111 5275
0.000112 5275
0.000113 5275
0.000114 5275
0.000115 5275
0.000116 5275
0.000117 5275
0.000118 5275
0.000119 5275
0.00012 5275
0.000121 5275
0.000122 5275
0.000123 5275
0.000124 5275
0.000125 5275
0.000126 5275
0.000127 5275
0.000128 5275
0.000129 5275
0.00013 5275
0.000131 5275
0.000132 5275
0.000133 5275
0.000134 5275
0.000135 5275
0.000136 5275
0.000137 5275
0.000138 5275
0.000139 5275
0.00014 5275
0.000141 5275
0.000142 5275
0.000143 5275
0.000144 5275
0.000145 5275
0.000146 5275
0.000147 5275
0.000148 5275
0.000149 5275
0.00015 5275
0.000151 5275
0.000152 5275
0.000153 5275
0.000154 5275
0.000155 5275
0.000156 5275
0.000157 5275
0.000158 5275
0.000159 5275
0.00016 5275
0.000161 5275
0.000162 5275
0.000163 5275
0.000164 5275
0.000165 5275
0.000166 5275
0.000167 5275
0.000168 5275
0.000169 5275
0.00017 5275
0.000171 5275
0.000172 5275
0.000173 5275
0.000174 5275
0.000175 5275
0.000176 5275
0.000177 5275
0.000178 5275
0.000179 5275
0.00018 5275
0.000181 5275
0.000182 5275
0.000183 5275
0.000184 5275
0.000185 5275
0.000186 5275
0.000187 5275
0.000188 5275
0.000189 5275
0.00019 5275
0.000191 5275
0.000192 5275
0.000193 5275
0.000194 5275
0.000195 5275
0.000196 5275
0.000197 5275
0.000198 5275
0.000199 5275
0.0002 5275
0.000201 5275
0.000202 5275
0.000203 5275
0.000204 5275
0.000205 5275
0.000206 5275
0.000207 5275
0.000208 5275
0.000209 5275
0.00021 5275
0.000211 5275
0.000212 5275
0.000213 5275
0.000214 5275
0.000215 5275
0.000216 5275
0.000217 5275
0.000218 5275
0.000219 5275
0.00022 5275
0.000221 5275
0.000222 5275
0.000223 5275
0.000224 5275
0.000225 5275
0.000226 5275
0.000227 5275
0.000228 5275
0.000229 5275
0.00023 5275
0.000231 5275
0.000232 5275
0.000233 5275
0.000234 5275
0.000235 5275
0.000236 5275
0.000237 5275
0.000238 5275
0.000239 5275
0.00024 5275
0.000241 5275
0.000242 5275
0.000243 5275
0.000244 5275
0.000245 5275
0.000246 5275
0.000247 5275
0.000248 5275
0.000249 5275
0.00025 5275
0.000251 5275
0.000252 5275
0.000253 5275
0.000254 5275
0.000255 5275
0.000256 5275
0.000257 5275
0.000258 5275
0.000259 5275
0.00026 5275
0.000261 5275
0.000262 5275
0.000263 5275
0.000264 5275
0.000265 5275
0.000266 5275
0.000267 5275
0.000268 5275
0.000269 5275
0.00027 5275
0.000271 5275
0.000272 5275
0.000273 5275
0.000274 5275
0.000275 5275
0.000276 5275
0.000277 5275
0.000278 5275
0.000279 5275
0.00028 5275
0.000281 5275
0.000282 5275
0.000283 5275
0.000284 5275
0.000285 5275
0.000286 5275
0.000287 5275
0.000288 5275
0.000289 5275
0.00029 5275
0.000291 5275
0.000292 5275
0.000293 5275
0.000294 5275
0.000295 5275
0.000296 5275
0.000297 5275
0.000298 5275
0.000299 5275
0.0003 5275
0.000301 5275
0.000302 5275
0.000303 5275
0.000304 5275
0.000305 5275
0.000306 5275
0.000307 5275
0.000308 5275
0.000309 5275
0.00031 5275
0.000311 5275
0.000312 5275
0.000313 5275
0.000314 5275
0.000315 5275
0.000316 5275
0.000317 5275
0.000318 5275
0.000319 5275
0.00032 5275
0.000321 5275
0.000322 5275
0.000323 5275
0.000324 5275
0.000325 5275
0.000326 5275
0.000327 5275
0.000328 5275
0.000329 5275
0.00033 5275
0.000331 5275
0.000332 5275
0.000333 5275
0.000334 5275
0.000335 5275
0.000336 5275
0.000337 5275
0.000338 5275
0.000339 5275
0.00034 5275
0.000341 5275
0.000342 5275
0.000343 5275
0.000344 5275
0.000345 5275
0.000346 5275
0.000347 5275
0.000348 5275
0.000349 5275
0.00035 5275
0.000351 5275
0.000352 5275
0.000353 5275
0.000354 5275
0.000355 5275
0.000356 5275
0.000357 5275
0.000358 5275
0.000359 5275
0.00036 5275
0.000361 5275
0.000362 5275
0.000363 5275
0.000364 5275
0.000365 5275
0.000366 5275
0.000367 5275
0.000368 5275
0.000369 5275
0.00037 5275
0.000371 5275
0.000372 5275
0.000373 5275
0.000374 5275
0.000375 5275
0.000376 5275
0.000377 5275
0.000378 5275
0.000379 5275
0.00038 5275
0.000381 5275
0.000382 5275
0.000383 5275
0.000384 5275
0.000385 5275
0.000386 5275
0.000387 5275
0.000388 5275
0.000389 5275
0.00039 5275
0.000391 5275
0.000392 5275
0.000393 5275
0.000394 5275
0.000395 5275
0.000396 5275
0.000397 5275
0.000398 5275
0.000399 5275
0.0004 5275
0.000401 5275
0.000402 5275
0.000403 5275
0.000404 5275
0.000405 5275
0.000406 5275
0.000407 5275
0.000408 5275
0.000409 5275
0.00041 5275
0.000411 5275
0.000412 5275
0.000413 5275
0.000414 5275
0.000415 5275
0.000416 5275
0.000417 5275
0.000418 5275
0.000419 5275
0.00042 5275
0.000421 5275
0.000422 5275
0.000423 5275
0.000424 5275
0.000425 5275
0.000426 5275
0.000427 5275
0.000428 5275
0.000429 5275
0.00043 5275
0.000431 5275
0.000432 5275
0.000433 5275
0.000434 5275
0.000435 5275
0.000436 5275
0.000437 5275
0.000438 5275
0.000439 5275
0.00044 5275
0.000441 5275
0.000442 5275
0.000443 5275
0.000444 5275
0.000445 5275
0.000446 5275
0.000447 5275
0.000448 5275
0.000449 5275
0.00045 5275
0.000451 5275
0.000452 5275
0.000453 5275
0.000454 5275
0.000455 5275
0.000456 5275
0.000457 5275
0.000458 5275
0.000459 5275
0.00046 5275
0.000461 5275
0.000462 5275
0.000463 5275
0.000464 5275
0.000465 5275
0.000466 5275
0.000467 5275
0.000468 5275
0.000469 5275
0.00047 5275
0.000471 5275
0.000472 5275
0.000473 5275
0.000474 5275
0.000475 5275
0.000476 5275
0.000477 5275
0.000478 5275
0.000479 5275
0.00048 5275
0.000481 5275
0.000482 5275
0.000483 5275
0.000484 5275
0.000485 5275
0.000486 5275
0.000487 5275
0.000488 5275
0.000489 5275
0.00049 5275
0.000491 5275
0.000492 5275
0.000493 5275
0.000494 5275
0.000495 5275
0.000496 5275
0.000497 5275
0.000498 5275
0.000499 5275
0.0005 5275
0.000501 5275
0.000502 5275
0.000503 5275
0.000504 5275
0.000505 5275
0.000506 5275
0.000507 5275
0.000508 5275
0.000509 5275
0.00051 5275
0.000511 5275
0.000512 5275
0.000513 5275
0.000514 5275
0.000515 5275
0.000516 5275
0.000517 5275
0.000518 5275
0.000519 5275
0.00052 5275
0.000521 5275
0.000522 5275
0.000523 5275
0.000524 5275
0.000525 5275
0.000526 5275
0.000527 5275
0.000528 5275
0.000529 5275
0.00053 5275
0.000531 5275
0.000532 5275
0.000533 5275
0.000534 5275
0.000535 5275
0.000536 5275
0.000537 5275
0.000538 5275
0.000539 5275
0.00054 5275
0.000541 5275
0.000542 5275
0.000543 5275
0.000544 5275
0.000545 5275
0.000546 5275
0.000547 5275
0.000548 5275
0.000549 5275
0.00055 5275
0.000551 5275
0.000552 5275
0.000553 5275
0.000554 5275
0.000555 5275
0.000556 5275
0.000557 5275
0.000558 5275
0.000559 5275
0.00056 5275
0.000561 5275
0.000562 5275
0.000563 5275
0.000564 5275
0.000565 5275
0.000566 5275
0.000567 5275
0.000568 5275
0.000569 5275
0.00057 5275
0.000571 5275
0.000572 5275
0.000573 5275
0.000574 5275
0.000575 5275
0.000576 5275
0.000577 5275
0.000578 5275
0.000579 5275
0.00058 5275
0.000581 5275
0.000582 5275
0.000583 5275
0.000584 5275
0.000585 5275
0.000586 5275
0.000587 5275
0.000588 5275
0.000589 5275
0.00059 5275
0.000591 5275
0.000592 5275
0.000593 5275
0.000594 5275
0.000595 5275
0.000596 5275
0.000597 5275
0.000598 5275
0.000599 5275
0.0006 5275
0.000601 5275
0.000602 5275
0.000603 5275
0.000604 5275
0.000605 5275
0.000606 5275
0.000607 5275
0.000608 5275
0.000609 5275
0.00061 5275
0.000611 5275
0.000612 5275
0.000613 5275
0.000614 5275
0.000615 5275
0.000616 5275
0.000617 5275
0.000618 5275
0.000619 5275
0.00062 5275
0.000621 5275
0.000622 5275
0.000623 5275
0.000624 5275
0.000625 5275
0.000626 5275
0.000627 5275
0.000628 5275
0.000629 5275
0.00063 5275
0.000631 5275
0.000632 5275
0.000633 5275
0.000634 5275
0.000635 5275
0.000636 5275
0.000637 5275
0.000638 5275
0.000639 5275
0.00064 5275
0.000641 5275
0.000642 5275
0.000643 5275
0.000644 5275
0.000645 5275
0.000646 5275
0.000647 5275
0.000648 5275
0.000649 5275
0.00065 5275
0.000651 5275
0.000652 5275
0.000653 5275
0.000654 5275
0.000655 5275
0.000656 5275
0.000657 5275
0.000658 5275
0.000659 5275
0.00066 5275
0.000661 5275
0.000662 5275
0.000663 5275
0.000664 5275
0.000665 5275
0.000666 5275
0.000667 5275
0.000668 5275
0.000669 5275
0.00067 5275
0.000671 5275
0.000672 5275
0.000673 5275
0.000674 5275
0.000675 5275
0.000676 5275
0.000677 5275
0.000678 5275
0.000679 5275
0.00068 5275
0.000681 5275
0.000682 5275
0.000683 5275
0.000684 5275
0.000685 5275
0.000686 5275
0.000687 5275
0.000688 5275
0.000689 5275
0.00069 5275
0.000691 5275
0.000692 5275
0.000693 5275
0.000694 5275
0.000695 5275
0.000696 5275
0.000697 5275
0.000698 5275
0.000699 5275
0.0007 5275
0.000701 5275
0.000702 5275
0.000703 5275
0.000704 5275
0.000705 5275
0.000706 5275
0.000707 5275
0.000708 5275
0.000709 5275
0.00071 5275
0.000711 5275
0.000712 5275
0.000713 5275
0.000714 5275
0.000715 5275
0.000716 5275
0.000717 5275
0.000718 5275
0.000719 5275
0.00072 5275
0.000721 5275
0.000722 5275
0.000723 5275
0.000724 5275
0.000725 5275
0.000726 5275
0.000727 5275
0.000728 5275
0.000729 5275
0.00073 5275
0.000731 5275
0.000732 5275
0.000733 5275
0.000734 5275
0.000735 5275
0.000736 5275
0.000737 5275
0.000738 5275
0.000739 5275
0.00074 5275
0.000741 5275
0.000742 5275
0.000743 5275
0.000744 5275
0.000745 5275
0.000746 5275
0.000747 5275
0.000748 5275
0.000749 5275
0.00075 5275
0.000751 5275
0.000752 5275
0.000753 5275
0.000754 5275
0.000755 5275
0.000756 5275
0.000757 5275
0.000758 5275
0.000759 5275
0.00076 5275
0.000761 5275
0.000762 5275
0.000763 5275
0.000764 5275
0.000765 5275
0.000766 5275
0.000767 5275
0.000768 5275
0.000769 5275
0.00077 5275
0.000771 5275
0.000772 5275
0.000773 5275
0.000774 5275
0.000775 5275
0.000776 5275
0.000777 5275
0.000778 5275
0.000779 5275
0.00078 5275
0.000781 5275
0.000782 5275
0.000783 5275
0.000784 5275
0.000785 5275
0.000786 5275
0.000787 5275
0.000788 5275
0.000789 5275
0.00079 5275
0.000791 5275
0.000792 5275
0.000793 5275
0.000794 5275
0.000795 5275
0.000796 5275
0.000797 5275
0.000798 5275
0.000799 5275
0.0008 5275
0.000801 5275
0.000802 5275
0.000803 5275
0.000804 5275
0.000805 5275
0.000806 5275
0.000807 5275
0.000808 5275
0.000809 5275
0.00081 5275
0.000811 5275
0.000812 5275
0.000813 5275
0.000814 5275
0.000815 5275
0.000816 5275
0.000817 5275
0.000818 5275
0.000819 5275
0.00082 5275
0.000821 5275
0.000822 5275
0.000823 5275
0.000824 5275
0.000825 5275
0.000826 5275
0.000827 5275
0.000828 5275
0.000829 5275
0.00083 5275
0.000831 5275
0.000832 5275
0.000833 5275
0.000834 5275
0.000835 5275
0.000836 5275
0.000837 5275
0.000838 5275
0.000839 5275
0.00084 5275
0.000841 5275
0.000842 5275
0.000843 5275
0.000844 5275
0.000845 5275
0.000846 5275
0.000847 5275
0.000848 5275
0.000849 5275
0.00085 5275
0.000851 5275
0.000852 5275
0.000853 5275
0.000854 5275
0.000855 5275
0.000856 5275
0.000857 5275
0.000858 5275
0.000859 5275
0.00086 5275
0.000861 5275
0.000862 5275
0.000863 5275
0.000864 5275
0.000865 5275
0.000866 5275
0.000867 5275
0.000868 5275
0.000869 5275
0.00087 5275
0.000871 5275
0.000872 5275
0.000873 5275
0.000874 5275
0.000875 5275
0.000876 5275
0.000877 5275
0.000878 5275
0.000879 5275
0.00088 5275
0.000881 5275
0.000882 5275
0.000883 5275
0.000884 5275
0.000885 5275
0.000886 5275
0.000887 5275
0.000888 5275
0.000889 5275
0.00089 5275
0.000891 5275
0.000892 5275
0.000893 5275
0.000894 5275
0.000895 5275
0.000896 5275
0.000897 5275
0.000898 5275
0.000899 5275
0.0009 5275
0.000901 5275
0.000902 5275
0.000903 5275
0.000904 5275
0.000905 5275
0.000906 5275
0.000907 5275
0.000908 5275
0.000909 5275
0.00091 5275
0.000911 5275
0.000912 5275
0.000913 5275
0.000914 5275
0.000915 5275
0.000916 5275
0.000917 5275
0.000918 5275
0.000919 5275
0.00092 5275
0.000921 5275
0.000922 5275
0.000923 5275
0.000924 5275
0.000925 5275
0.000926 5275
0.000927 5275
0.000928 5275
0.000929 5275
0.00093 5275
0.000931 5275
0.000932 5275
0.000933 5275
0.000934 5275
0.000935 5275
0.000936 5275
0.000937 5275
0.000938 5275
0.000939 5275
0.00094 5275
0.000941 5275
0.000942 5275
0.000943 5275
0.000944 5275
0.000945 5275
0.000946 5275
0.000947 5275
0.000948 5275
0.000949 5275
0.00095 5275
0.000951 5275
0.000952 5275
0.000953 5275
0.000954 5275
0.000955 5275
0.000956 5275
0.000957 5275
0.000958 5275
0.000959 5275
0.00096 5275
0.000961 5275
0.000962 5275
0.000963 5275
0.000964 5275
0.000965 5275
0.000966 5275
0.000967 5275
0.000968 5275
0.000969 5275
0.00097 5275
0.000971 5275
0.000972 5275
0.000973 5275
0.000974 5275
0.000975 5275
0.000976 5275
0.000977 5275
0.000978 5275
0.000979 5275
0.00098 5275
0.000981 5275
0.000982 5275
0.000983 5275
0.000984 5275
0.000985 5275
0.000986 5275
0.000987 5275
0.000988 5275
0.000989 5275
0.00099 5275
0.000991 5275
0.000992 5275
0.000993 5275
0.000994 5275
0.000995 5275
0.000996 5275
0.000997 5275
0.000998 5275
0.000999 5275
0.001 5275
